Hopped Pairs	Total	Total Percentage	Matched Percentage
TATGGCAC-TGTTCCGT	88571	0.024383151028184738	12.51462401446859
TATGGCAC-CTCTGGAT	1574	0.00043331428705064613	0.2223980557831972
TCTTCGAC-CTCTGGAT	5933	0.0016333250731076772	0.8383022013733856
TAGCCATG-TCTTCGAC	1611	0.00044350020104103624	0.227625964337186
CTAGCTCA-CGGTAATC	430	0.00011837683826669496	0.06075677508689632
CTCTGGAT-AGGATAGC	1211	0.00033338221195573857	0.17110803402379404
TCGACAAG-ATCATGCG	7836	0.0021572114061809804	1.1071862548393478
TGTTCCGT-TATGGCAC	85536	0.023547630786000043	12.085794218215728
TACCGGAT-TCGAGAGT	5863	0.00161405442501775	0.8284115635685421
GATCAAGG-TCTTCGAC	18138	0.004993300215072821	2.5628055500607565
ATCATGCG-TATGGCAC	788	0.00021693243849803633	0.1113403227173821
CTCTGGAT-ATCGTGGT	1257	0.0003460457807005478	0.1776075960098341
GTCCTAAG-TATGGCAC	7066	0.0019452342771917827	0.9983892389860684
TCTTCGAC-TCGGATTC	1643	0.00045230964016786004	0.23214739876225732
TCGAGAGT-TGTTCCGT	1126	0.0003099821392751128	0.15909797383219826
TACCGGAT-AGGATAGC	2734	0.0007526564553980093	0.3863000536920338
GATCAAGG-GCTACTCT	248	6.827315323288453e-05	0.035041116794302996
ATCATGCG-GATCTTGC	288	7.928495214141429e-05	0.040692909825642186
TACCGGAT-CTCTGGAT	20269	0.005579953801924744	2.863904823805352
CACTTCAC-TCTTCGAC	938	0.0002582266844050229	0.13253454658490407
TACCGGAT-TCTTCGAC	13576	0.0037374045495550015	1.9182185548365218
CTCTGGAT-CTAGCTCA	3445	0.0009483911809971259	0.4867606748240879
TACCGGAT-TCGACAAG	1237	0.0003405398812462829	0.17478169949416453
CTCTGGAT-TACCGGAT	14152	0.00389597445383783	1.9996043744878063
TATGGCAC-AACAGCGA	661	0.00018196997696345434	0.09339587984288016
AGAGTCCA-TACCGGAT	2707	0.0007452234911347517	0.3824850933958799
TGTTCCGT-TCGGATTC	920	0.0002532713748961845	0.12999123972080143
ACGATCAG-TGTTCCGT	579	0.0001593957892009683	0.08180970412863481
CACTTCAC-ACGATCAG	371	0.00010213443487661356	0.05242038036567101
AGGATAGC-TCTTCGAC	2149	0.0005916088963607614	0.30364258060869814
TCTTCGAC-AGAGTCCA	1619	0.0004457025608227421	0.2287563229434538
CTAGCTCA-TACCGGAT	4738	0.0013043475807153503	0.6694548845621273
CGATCGAT-GTAGCGTA	204	5.6160174433501786e-05	0.028824144459829882
TAGCCATG-CTCTGGAT	1106	0.00030447623982084794	0.15627207731652867
CTAGCTCA-CTCTGGAT	3996	0.0011000787109621234	0.5646141238307854
GCTACTCT-CTCTGGAT	1195	0.00032897749239232666	0.16884731681125836
CGATCGAT-TGTTCCGT	504	0.000138748666247475	0.07121259219487383
ATCATGCG-TCTTCGAC	1858	0.0005114980593012075	0.2625257863057055
TGTTCCGT-TACCGGAT	4606	0.0012680086443172022	0.6508039675587081
CTAGCTCA-TCGACAAG	14841	0.004085652690037255	2.096956509452624
TAGCCATG-CTAGCTCA	877	0.00024143369106951503	0.1239155622121118
TATGGCAC-TCTTCGAC	4277	0.001177436598294545	0.6043179698759431
TCGGATTC-ACGATCAG	216	5.946371410606072e-05	0.030519682369231638
CGGTAATC-TACCGGAT	7265	0.002000017976761718	1.026506909316981
ACGATCAG-TCTTCGAC	1352	0.000372198803108306	0.1910306044592647
GATCAAGG-ACGATCAG	567	0.0001560922495284094	0.08011416621923305
CGATCGAT-TACCGGAT	2046	0.0005632535141712974	0.2890892135529997
TAGCCATG-TATGGCAC	521	0.00014342868078360017	0.07361460423319298
TACCGGAT-ATCGTGGT	3453	0.0009505935407788318	0.48789103343035584
CTAGCTCA-TGTTCCGT	1247	0.00034329283097341533	0.17619464775199933
GCTACTCT-AGGATAGC	277	7.62567074415686e-05	0.0391386667420239
TCTTCGAC-ATCGTGGT	4468	0.0012300179380827746	0.6313052816005877
GTCCTAAG-CTAGCTCA	664	0.00018279586188159406	0.09381976432023059
GCTACTCT-ACGATCAG	370	0.0001018591399039003	0.052279085539887526
TACCGGAT-TATGGCAC	4603	0.0012671827593990625	0.6503800830813575
TACCGGAT-GATCTTGC	1427	0.00039284592606179936	0.20162771639302568
GCTACTCT-GTAGCGTA	651	0.00017921702723632188	0.09198293158504536
GCTACTCT-TACCGGAT	1846	0.0005081945196286486	0.26083024839630375
TGTTCCGT-TAGCCATG	633	0.00017426171772748347	0.08943962472094272
AGAGTCCA-CGATCGAT	285	7.845906722327456e-05	0.04026902534829175
TACCGGAT-GCTACTCT	1798	0.0004949803609384128	0.2540480967586967
TCGACAAG-AGAGTCCA	150	4.129424590698661e-05	0.021194223867521973
AGGATAGC-CTCTGGAT	1100	0.00030282446998456845	0.1554243083618278
GATCAAGG-GTCCTAAG	421	0.00011589918351227575	0.059485121654845007
TACCGGAT-AGAGTCCA	2906	0.0008000071907046872	0.41060276372679233
AGGATAGC-TACCGGAT	2227	0.0006130819042323945	0.31466357701980957
CTAGCTCA-TCTTCGAC	2907	0.0008002824856774006	0.4107440585525758
GTCCTAAG-TACCGGAT	2326	0.0006403361065310057	0.328651764772374
AGGATAGC-GTAGCGTA	996	0.0002741937928223911	0.1407296464803459
TCGGATTC-AGGATAGC	315	8.671791640467188e-05	0.04450787012179614
AGGATAGC-GCTACTCT	413	0.0001136968237305698	0.05835476304857716
CTCTGGAT-AACAGCGA	1033	0.0002843797068127811	0.14595755503433464
TCTTCGAC-ATCATGCG	1520	0.000418448358524131	0.21476813519088928
CTCTGGAT-GCTACTCT	2491	0.000685759777028691	0.35196541102664824
CACTTCAC-TAGCCATG	3205	0.0008823203875459473	0.4528499166360528
TACCGGAT-ACGATCAG	2928	0.0008060636801043787	0.41371124989402885
CTAGCTCA-GCTACTCT	1829	0.0005035145050925234	0.25842823635798456
CTCTGGAT-TCTTCGAC	6129	0.0016872828877594727	0.8659959872269477
CGATCGAT-CTCTGGAT	1304	0.0003589846444180703	0.18424845282165767
CTCTGGAT-TATGGCAC	1742	0.00047956384246647117	0.24613558651482184
TCGAGAGT-TAGCCATG	428	0.00011782624832126846	0.06047418543532936
TCTTCGAC-GATCTTGC	1042	0.00028685736156720034	0.14722920846638596
TCTTCGAC-TACCGGAT	10986	0.0030243905702276993	1.5522649560573092
ATCATGCG-GATCAAGG	549	0.00015113694001957098	0.07757085935513042
TCTTCGAC-GCTACTCT	1090	0.00030007152025743604	0.154011360103993
ATCGTGGT-AGAGTCCA	372	0.0001024097298493268	0.052561675191454486
TACCGGAT-GTCCTAAG	3170	0.0008726850635009838	0.447904597733631
AGGATAGC-TAGCCATG	394	0.00010846621924901817	0.05567016135869105
AGGATAGC-AGAGTCCA	662	0.00018224527193616758	0.09353717466866363
GTAGCGTA-GTCCTAAG	415	0.00011424741367599628	0.05863735270014413
TCGAGAGT-TATGGCAC	483	0.00013296747182049687	0.06824540085342075
ATCATGCG-TACCGGAT	2521	0.0006940186262100883	0.35620425580015264
TGTTCCGT-CTAGCTCA	1116	0.00030722918954798035	0.15768502557436348
CTAGCTCA-AACAGCGA	620	0.00017068288308221132	0.08760279198575747
TACCGGAT-CGATCGAT	2118	0.000583074752206651	0.29926244100941024
TCTTCGAC-ACGATCAG	1807	0.000497458015692832	0.255319750190748
GATCAAGG-TACCGGAT	1650	0.0004542367049768527	0.23313646254274167
CGGTAATC-ATCGTGGT	386	0.0001062638594673122	0.054539802752423205
CACTTCAC-ATCATGCG	158	4.3496605688692565e-05	0.02232458247378981
TACCGGAT-TCGGATTC	1922	0.0005291169375548551	0.27156865515584816
CTCTGGAT-TGTTCCGT	2652	0.0007300822676355233	0.3747138779777885
ACGATCAG-TCGAGAGT	510	0.0001404004360837545	0.0720603611495747
GATCAAGG-AGGATAGC	264	7.267787279629643e-05	0.03730183400683867
ACGATCAG-TACCGGAT	2271	0.0006251948830317773	0.3208805493542826
ATCGTGGT-TACCGGAT	2090	0.0005753664929706801	0.2953061858874728
TACCGGAT-CTAGCTCA	5282	0.001454108045871355	0.7463192697883403
CTAGCTCA-AGGATAGC	704	0.00019380766079012381	0.09947155735156978
TAGCCATG-TACCGGAT	2851	0.0007848659672054588	0.4028315483087009
CTAGCTCA-GTCCTAAG	736	0.00020261709991694762	0.10399299177664115
TCTTCGAC-TATGGCAC	2865	0.0007887200968234443	0.40480967586966965
AGGATAGC-ATCATGCG	509	0.00014012514111104123	0.07191906632379122
AACAGCGA-CACTTCAC	182	5.010368503381042e-05	0.025715658292593323
CGGTAATC-TCTTCGAC	1316	0.0003622881840906292	0.18594399073105944
TACCGGAT-TAGCCATG	4661	0.0012831498678164306	0.6585751829767994
ATCGTGGT-CTCTGGAT	1349	0.00037137291819016623	0.19060671998191425
TACCGGAT-CGGTAATC	2913	0.0008019342555136799	0.41159182750727674
ATCATGCG-ATCGTGGT	598	0.00016462639368251995	0.08449430581852092
TCTTCGAC-AGGATAGC	2140	0.0005891312416063424	0.30237092717664676
CTAGCTCA-GTAGCGTA	1242	0.0003419163561098491	0.17548817362308192
ATCGTGGT-GTAGCGTA	258	7.102610296001697e-05	0.036454065052137795
AGAGTCCA-TCGGATTC	236	6.49696135603256e-05	0.033345578884901236
GTAGCGTA-TACCGGAT	1975	0.000543707571108657	0.2790572809223726
TCGGATTC-GATCTTGC	293	8.066142700498052e-05	0.04139938395455958
TACCGGAT-AACAGCGA	2269	0.0006246442930863508	0.32059795970271565
CTCTGGAT-GTCCTAAG	1359	0.0003741258679172987	0.19201966823974906
TCGAGAGT-AGAGTCCA	516	0.00014205220592003394	0.07290813010427559
CGATCGAT-ACGATCAG	291	8.011083705955403e-05	0.04111679430299262
CACTTCAC-GTCCTAAG	132	3.6338936398148213e-05	0.018650917003419334
CTCTGGAT-CGGTAATC	1010	0.00027804792244037654	0.1427077740413146
CTCTGGAT-TAGCCATG	1277	0.0003515516801548127	0.18043349252550372
TGTTCCGT-TCTTCGAC	2719	0.0007485270308073106	0.3841806313052816
ATCATGCG-TCGAGAGT	497	0.00013682160143848232	0.07022352841438946
TATGGCAC-GATCTTGC	404	0.00011121916897615061	0.057083109616525844
TACCGGAT-TGTTCCGT	5737	0.0015793672584558814	0.8106084155198238
TCTTCGAC-TCGAGAGT	2779	0.0007650447291701053	0.39265832085229035
TCTTCGAC-GTCCTAAG	1381	0.00038018235731699003	0.19512815440698564
TCGAGAGT-CTCTGGAT	1857	0.0005112227643284942	0.262384491479922
ACGATCAG-GTCCTAAG	508	0.000139849846138328	0.07177777149800774
ATCATGCG-AACAGCGA	540	0.0001486592852651518	0.0762992059230791
GATCAAGG-CTCTGGAT	775	0.00021335360385276415	0.10950348998219686
CTAGCTCA-ATCGTGGT	554	0.0001525134148831372	0.0782773334840478
GTAGCGTA-TAGCCATG	332	9.139793094079703e-05	0.046909882160115296
AGAGTCCA-TCGAGAGT	1115	0.00030695389457526716	0.15754373074858
ATCATGCG-GCTACTCT	328	9.029675104994406e-05	0.046344702856981376
AGAGTCCA-ACGATCAG	660	0.0001816946819907411	0.09325458501709667
TACCGGAT-ATCATGCG	2665	0.0007336611022807955	0.3765507107129737
AACAGCGA-TACCGGAT	2578	0.0007097104396547432	0.36425806086981094
TATGGCAC-TACCGGAT	4625	0.0012732392487987537	0.6534885692485941
TGTTCCGT-AGAGTCCA	845	0.00023262425194269122	0.11939412778704045
GTCCTAAG-TGTTCCGT	990	0.0002725420229861116	0.13988187752564502
ACGATCAG-CTAGCTCA	665	0.0001830711568543073	0.09396105914601408
TCTTCGAC-GATCAAGG	1934	0.000532420477227414	0.27326419306524996
CTAGCTCA-ATCATGCG	1851	0.0005095709944922148	0.26153672252522114
TACCGGAT-CACTTCAC	1434	0.000394772990870792	0.20261678017351004
AGGATAGC-CGGTAATC	323	8.892027618637783e-05	0.04563822872806398
ATCGTGGT-AGGATAGC	267	7.350375771443616e-05	0.037725718484189104
TCGAGAGT-CTAGCTCA	829	0.00022821953237927932	0.11713341057450477
TATGGCAC-ATCATGCG	472	0.0001299392271206512	0.06669115776980247
TGTTCCGT-CTCTGGAT	1941	0.0005343475420364068	0.2742532568457343
GCTACTCT-TGTTCCGT	709	0.00019518413565369004	0.10017803148048719
GATCTTGC-TATGGCAC	251	6.909903815102426e-05	0.03546500127165343
CTAGCTCA-CACTTCAC	338	9.30497007770765e-05	0.047757651114816176
ATCGTGGT-GATCAAGG	617	0.00016985699816407157	0.08717890750840704
CTCTGGAT-TCGGATTC	770	0.00021197712898919795	0.10879701585327944
TCGGATTC-ATCGTGGT	118	3.24848067801628e-05	0.016672789442450618
GTAGCGTA-TCGAGAGT	776	0.0002136288988254774	0.10964478480798034
CGGTAATC-TAGCCATG	351	9.662853542234867e-05	0.04959448385000141
AGAGTCCA-TATGGCAC	551	0.0001516875299649975	0.07785344900669737
TAGCCATG-TCGAGAGT	556	0.00015306400482856372	0.07855992313561477
CTCTGGAT-CGATCGAT	2171	0.0005976653857604529	0.30675106677593467
TAGCCATG-TCGACAAG	231	6.359313869675939e-05	0.03263910475598384
TCGACAAG-TCGAGAGT	358	9.855560023134139e-05	0.05058354763048577
TCGAGAGT-TCTTCGAC	2011	0.0005536181901263338	0.28414389465057793
TGTTCCGT-TCGACAAG	242	6.662138339660507e-05	0.034193347839602116
GCTACTCT-CTAGCTCA	814	0.00022409010778858066	0.11501398818775255
CTCTGGAT-TCGAGAGT	2379	0.0006549267400848076	0.33614039053889844
AGGATAGC-TATGGCAC	683	0.00018802646636314568	0.09650436601011671
GATCTTGC-AACAGCGA	179	4.9277800115670695e-05	0.025291773815242884
CTAGCTCA-CGATCGAT	599	0.0001649016886552332	0.0846356006443044
TACCGGAT-GATCAAGG	2203	0.0006064748248872767	0.311272501201006
TCGAGAGT-TACCGGAT	3632	0.0009998713408945026	0.5131828072455986
ATCATGCG-CTCTGGAT	1513	0.00041652129371513825	0.21377907141040495
GATCTTGC-AGAGTCCA	208	5.726135432435476e-05	0.0293893237629638
TATGGCAC-GTCCTAAG	759	0.00020894888428935223	0.10724277276966117
ACGATCAG-TATGGCAC	454	0.00012498391761181282	0.06414785090569983
AGGATAGC-GATCTTGC	549	0.00015113694001957098	0.07757085935513042
CTAGCTCA-TATGGCAC	977	0.00026896318834083944	0.1380450447904598
ATCATGCG-TAGCCATG	917	0.0002524454899780448	0.12956735524345098
CACTTCAC-TCGAGAGT	179	4.9277800115670695e-05	0.025291773815242884
ATCATGCG-TGTTCCGT	734	0.00020206650997152113	0.1037104021250742
ATCATGCG-CTAGCTCA	848	0.00023345013686083095	0.11981801226439087
TAGCCATG-GTAGCGTA	331	9.112263596808379e-05	0.04676858733433181
ACGATCAG-AACAGCGA	275	7.570611749614211e-05	0.03885607709045695
AGAGTCCA-CTCTGGAT	1255	0.0003454951907551213	0.17732500635826715
GCTACTCT-TCGAGAGT	470	0.00012938863717522472	0.0664085681182355
TGTTCCGT-CGATCGAT	527	0.00014508045061987964	0.07446237318789385
TCGGATTC-CACTTCAC	111	3.055774197117009e-05	0.01568372566196626
CGATCGAT-ATCGTGGT	167	4.597426044311176e-05	0.023596235905841128
TCGGATTC-TAGCCATG	191	5.258133978822962e-05	0.026987311724644646
GTAGCGTA-ATCATGCG	353	9.717912536777516e-05	0.049877073501568364
CTCTGGAT-AGAGTCCA	2037	0.0005607758594168782	0.2878175601209484
GATCTTGC-CTCTGGAT	397	0.00010929210416715789	0.05609404583604148
TACCGGAT-GTAGCGTA	2217	0.0006103289545052621	0.31325062876197474
GTCCTAAG-TCTTCGAC	1345	0.00037027173829931327	0.19004154067878035
CACTTCAC-CTCTGGAT	660	0.0001816946819907411	0.09325458501709667
TCGGATTC-TCGACAAG	88	2.4225957598765477e-05	0.012433944668946222
ATCATGCG-TCGACAAG	305	8.396496667753945e-05	0.04309492186396134
TATGGCAC-CACTTCAC	474	0.00013048981706607768	0.06697374742136943
AGGATAGC-CTAGCTCA	783	0.00021555596363447013	0.11063384858846469
TCTTCGAC-CACTTCAC	951	0.0002618055190502951	0.1343713793200893
GATCTTGC-TCTTCGAC	755	0.0002078477043984993	0.10667759346652725
CTCTGGAT-ATCATGCG	1308	0.0003600858243089232	0.1848136321247916
ATCGTGGT-ACGATCAG	307	8.451555662296593e-05	0.0433775115155283
AGAGTCCA-AGGATAGC	606	0.0001668287534642259	0.08562466442478876
CACTTCAC-AGAGTCCA	191	5.258133978822962e-05	0.026987311724644646
AGGATAGC-ACGATCAG	531	0.0001461816305107326	0.07502755249102779
TGTTCCGT-ATCATGCG	718	0.00019766179040810923	0.1014496849125385
AGGATAGC-ATCGTGGT	319	8.781909629552485e-05	0.04507304942493006
TATGGCAC-TAGCCATG	610	0.0001679299333550789	0.08618984372792268
TCGACAAG-TCGGATTC	127	3.4962461534582e-05	0.017944442874501934
AGAGTCCA-CTAGCTCA	1359	0.0003741258679172987	0.19201966823974906
TATGGCAC-AGAGTCCA	534	0.00014700751542887232	0.07545143696837821
ATCGTGGT-CACTTCAC	84	2.31247777079125e-05	0.011868765365812304
GTCCTAAG-TAGCCATG	451	0.00012415803269367307	0.06372396642834939
TCGGATTC-GATCAAGG	132	3.6338936398148213e-05	0.018650917003419334
GATCAAGG-CACTTCAC	95	2.6153022407758187e-05	0.01342300844943058
GCTACTCT-TCGACAAG	99	2.7254202298611165e-05	0.013988187752564501
TCGGATTC-TCTTCGAC	1307	0.00035981052933621	0.18467233729900812
AGAGTCCA-GCTACTCT	362	9.965678012219435e-05	0.051148726933619694
AGGATAGC-GATCAAGG	228	6.276725377861965e-05	0.0322152202786334
CTAGCTCA-AGAGTCCA	1253	0.0003449446008096948	0.1770424167067002
ATCATGCG-AGAGTCCA	621	0.00017095817805492456	0.08774408681154096
TCGAGAGT-AACAGCGA	329	9.05720460226573e-05	0.04648599768276486
GTAGCGTA-TCTTCGAC	1351	0.00037192350813559276	0.19088930963348122
TCTTCGAC-GTAGCGTA	1326	0.00036504113381776164	0.18735693898889424
GTCCTAAG-AGAGTCCA	409	0.00011259564383971683	0.05778958374544325
CGATCGAT-ATCATGCG	208	5.726135432435476e-05	0.0293893237629638
AGGATAGC-AACAGCGA	355	9.772971531320166e-05	0.05015966315313534
TCGGATTC-AACAGCGA	1047	0.00028823383643076654	0.14793568259530337
TCTTCGAC-CGATCGAT	1187	0.0003267751326106207	0.16771695820499052
GTCCTAAG-ACGATCAG	451	0.00012415803269367307	0.06372396642834939
CGATCGAT-AGGATAGC	321	8.836968624095135e-05	0.04535563907649701
TGTTCCGT-AGGATAGC	584	0.00016077226406453453	0.08251617825755221
TCTTCGAC-TCGACAAG	1053	0.000289885606267046	0.14878345155000422
CACTTCAC-CTAGCTCA	371	0.00010213443487661356	0.05242038036567101
ATCATGCG-CACTTCAC	170	4.680014536125149e-05	0.024020120383191568
AGAGTCCA-TCTTCGAC	1660	0.00045698965470398513	0.2345494108005765
CGATCGAT-GATCAAGG	183	5.037898000652367e-05	0.025856953118376803
ACGATCAG-TCGGATTC	175	4.817662022481771e-05	0.024726594512108967
CTCTGGAT-GTAGCGTA	1165	0.00032071864321092934	0.164608472037754
TATGGCAC-CTAGCTCA	906	0.0002494172452781991	0.1280131121598327
TCGGATTC-TACCGGAT	1173	0.0003229210029926353	0.1657388306440218
GTAGCGTA-CACTTCAC	101	2.7804792244037653e-05	0.014270777404131461
GCTACTCT-TCTTCGAC	1122	0.00030888095938425984	0.15853279452906432
TATGGCAC-ACGATCAG	574	0.0001580193143374021	0.0811032299997174
TATGGCAC-GTAGCGTA	363	9.99320750949076e-05	0.05129002175940317
AACAGCGA-CGGTAATC	173	4.762603027939122e-05	0.024444004860542004
TGTTCCGT-CACTTCAC	266	7.322846274172292e-05	0.03758442365840563
GTAGCGTA-CGATCGAT	213	5.8637829187920984e-05	0.030095797891881198
ATCATGCG-ACGATCAG	782	0.00021528066866175686	0.1104925537626812
AACAGCGA-TCGAGAGT	508	0.000139849846138328	0.07177777149800774
AGGATAGC-TGTTCCGT	698	0.00019215589095384434	0.09862378839686892
TCGAGAGT-ATCGTGGT	509	0.00014012514111104123	0.07191906632379122
ATCATGCG-CGGTAATC	201	5.533428951536206e-05	0.028400259982479442
GTAGCGTA-GATCTTGC	159	4.377190066140581e-05	0.022465877299573292
GTAGCGTA-ACGATCAG	826	0.0002273936474611396	0.11670952609715432
GATCTTGC-CTAGCTCA	269	7.405434765986266e-05	0.03800830813575607
AACAGCGA-AGAGTCCA	625	0.00017205935794577752	0.08830926611467488
TAGCCATG-CACTTCAC	247	6.799785826017129e-05	0.03489982196851951
TAGCCATG-TGTTCCGT	724	0.0001993135602443887	0.10229745386723939
CACTTCAC-GCTACTCT	101	2.7804792244037653e-05	0.014270777404131461
ATCGTGGT-TCTTCGAC	1391	0.0003829353070441225	0.19654110266482042
AGAGTCCA-ATCGTGGT	357	9.828030525862812e-05	0.05044225280470229
GTCCTAAG-GATCAAGG	437	0.00012030390307568765	0.06174583886738068
TAGCCATG-CGGTAATC	196	5.3957814651795836e-05	0.027693785853562043
CGATCGAT-CTAGCTCA	463	0.000127461572366232	0.06541950433775115
TGTTCCGT-GCTACTCT	487	0.00013406865171134986	0.06881058015655467
AACAGCGA-TCTTCGAC	2178	0.0005995924505694456	0.307740130556419
TCGGATTC-GCTACTCT	123	3.386128164372902e-05	0.017379263571368018
TGTTCCGT-TCGAGAGT	1090	0.00030007152025743604	0.154011360103993
CGGTAATC-AGGATAGC	339	9.332499574978974e-05	0.04789894594059966
ACGATCAG-ATCATGCG	433	0.00011920272318483469	0.06118065956424675
CGGTAATC-GTCCTAAG	164	4.514837552497203e-05	0.023172351428490688
TGTTCCGT-ATCGTGGT	499	0.00013737219138390877	0.07050611806595643
CACTTCAC-TACCGGAT	1043	0.00028713265653991353	0.14737050329216944
GTCCTAAG-CTCTGGAT	1151	0.0003168645135929439	0.16263034447678526
TCGAGAGT-GCTACTCT	637	0.00017536289761833646	0.09000480402407664
GCTACTCT-AACAGCGA	259	7.130139793273021e-05	0.03659535987792127
TCTTCGAC-TGTTCCGT	3200	0.000880943912682381	0.45214344250713534
TATGGCAC-GCTACTCT	317	8.726850635009837e-05	0.0447904597733631
AGAGTCCA-AACAGCGA	481	0.0001324168818750704	0.06796281120185378
GTAGCGTA-GCTACTCT	1532	0.0004217518981966899	0.21646367310029108
GTCCTAAG-AACAGCGA	461	0.0001269109824208055	0.0651369146861842
TATGGCAC-CGGTAATC	366	0.00010075796001304734	0.05171390623675361
TCTTCGAC-CGGTAATC	1234	0.00033971399632814315	0.17435781501681408
GATCAAGG-TGTTCCGT	417	0.00011479800362142278	0.05891994235171108
TCGACAAG-TCTTCGAC	782	0.00021528066866175686	0.1104925537626812
TCGACAAG-ACGATCAG	281	7.735788733242158e-05	0.03970384604515783
CGATCGAT-TCTTCGAC	1160	0.00031934216834736314	0.16390199790883658
CACTTCAC-TGTTCCGT	279	7.680729738699509e-05	0.03942125639359087
GATCAAGG-TAGCCATG	397	0.00010929210416715789	0.05609404583604148
ATCGTGGT-CGATCGAT	219	6.028959902420045e-05	0.030943566846582077
TCGAGAGT-AGGATAGC	494	0.00013599571652034257	0.06979964393703902
TATGGCAC-CGATCGAT	275	7.570611749614211e-05	0.03885607709045695
AACAGCGA-ACGATCAG	553	0.00015223811991042397	0.07813603865826434
AGAGTCCA-TGTTCCGT	889	0.000244737230742074	0.12561110012151355
CACTTCAC-TCGGATTC	141	3.881659115256742e-05	0.019922570435470653
TAGCCATG-ACGATCAG	441	0.00012140508296654064	0.0623110181705146
TCGACAAG-TAGCCATG	323	8.892027618637783e-05	0.04563822872806398
TATGGCAC-GATCAAGG	338	9.30497007770765e-05	0.047757651114816176
ACGATCAG-CTCTGGAT	1060	0.0002918126710760387	0.1497725153304886
AGAGTCCA-GTAGCGTA	1058	0.00029126208113061224	0.14948992567892164
GATCTTGC-CGATCGAT	205	5.643546940621503e-05	0.028965439285613362
CTAGCTCA-TCGAGAGT	1256	0.00034577048572783455	0.17746630118405063
CGATCGAT-GCTACTCT	195	5.3682519679082596e-05	0.027552491027778563
TCGACAAG-CTAGCTCA	256	7.047551301459048e-05	0.03617147540057083
ACGATCAG-TAGCCATG	515	0.0001417769109473207	0.0727668352784921
AGGATAGC-TCGGATTC	355	9.772971531320166e-05	0.05015966315313534
GCTACTCT-AGAGTCCA	492	0.0001354451265749161	0.06951705428547207
GATCAAGG-GTAGCGTA	277	7.62567074415686e-05	0.0391386667420239
CTCTGGAT-CACTTCAC	685	0.0001885770563085722	0.09678695566168367
AACAGCGA-CTAGCTCA	755	0.0002078477043984993	0.10667759346652725
AACAGCGA-CTCTGGAT	1292	0.0003556811047455113	0.18255291491225592
AACAGCGA-CGATCGAT	329	9.05720460226573e-05	0.04648599768276486
CGATCGAT-GATCTTGC	131	3.606364142543497e-05	0.018509622177635854
TCGACAAG-GATCAAGG	146	4.019306601613363e-05	0.020629044564388053
ATCATGCG-GTCCTAAG	636	0.00017508760264562325	0.08986350919829317
GATCAAGG-ATCATGCG	323	8.892027618637783e-05	0.04563822872806398
GTAGCGTA-CTAGCTCA	1014	0.00027914910233122945	0.1432729533444485
GTAGCGTA-CTCTGGAT	965	0.00026565964866828056	0.136349506881058
TCGACAAG-TACCGGAT	957	0.0002634572888865746	0.13521914827479017
GATCAAGG-CTAGCTCA	448	0.00012333214777553332	0.06330008195099895
TCTTCGAC-CTAGCTCA	3013	0.0008294637527850045	0.42572131008562464
GATCTTGC-CGGTAATC	133	3.661423137086146e-05	0.018792211829202814
CGGTAATC-GATCAAGG	185	5.092956995195015e-05	0.026139542769943763
CGGTAATC-TGTTCCGT	399	0.00010984269411258438	0.05637663548760844
TATGGCAC-TCGAGAGT	958	0.0002637325838592878	0.13536044310057366
TATGGCAC-TCGGATTC	991	0.0002728173179588249	0.1400231723514285
AACAGCGA-TATGGCAC	482	0.00013269217684778363	0.06810410602763728
AACAGCGA-TAGCCATG	386	0.0001062638594673122	0.054539802752423205
TATGGCAC-ATCGTGGT	318	8.754380132281163e-05	0.044931754599146584
GTCCTAAG-ATCATGCG	419	0.00011534859356684927	0.05920253200327804
CACTTCAC-TATGGCAC	358	9.855560023134139e-05	0.05058354763048577
GTCCTAAG-TCGGATTC	271	7.460493760528914e-05	0.03829089778732303
TCGAGAGT-GATCTTGC	215	5.918841913334748e-05	0.03037838754344816
TCGAGAGT-CGATCGAT	349	9.607794547692217e-05	0.04931189419843446
TATGGCAC-AGGATAGC	675	0.00018582410658143973	0.09537400740384887
TAGCCATG-GATCAAGG	398	0.00010956739913987114	0.056235340661824965
CGGTAATC-CTCTGGAT	766	0.00021087594909834496	0.10823183655014554
CGGTAATC-TCGAGAGT	258	7.102610296001697e-05	0.036454065052137795
TATGGCAC-TCGACAAG	277	7.62567074415686e-05	0.0391386667420239
ACGATCAG-AGAGTCCA	511	0.0001406757310564677	0.07220165597535819
TCGGATTC-TCGAGAGT	311	8.56167365138189e-05	0.04394269081866222
AGGATAGC-TCGAGAGT	570	0.0001569181344465491	0.0805380506965835
TAGCCATG-GATCTTGC	209	5.753664929706801e-05	0.029530618588747278
TCGAGAGT-GATCAAGG	315	8.671791640467188e-05	0.04450787012179614
CACTTCAC-CGGTAATC	224	6.166607388776666e-05	0.03165004097549948
GCTACTCT-GATCAAGG	229	6.304254875133289e-05	0.03235651510441687
ACGATCAG-CACTTCAC	186	5.12048649246634e-05	0.026280837595727243
GTCCTAAG-GCTACTCT	277	7.62567074415686e-05	0.0391386667420239
ACGATCAG-ATCGTGGT	242	6.662138339660507e-05	0.034193347839602116
TCGGATTC-CTCTGGAT	619	0.00017040758810949808	0.087461497159974
CTAGCTCA-ACGATCAG	851	0.0002342760217789707	0.12024189674174131
TGTTCCGT-GATCAAGG	400	0.00011011798908529762	0.05651793031339192
CGGTAATC-ACGATCAG	217	5.9739009078773966e-05	0.030660977195015114
TCGGATTC-CGGTAATC	188	5.175545487008988e-05	0.026563427247294207
GCTACTCT-TAGCCATG	299	8.231319684125998e-05	0.04224715290926046
GATCTTGC-TACCGGAT	790	0.00021748302844346284	0.11162291236894906
CTAGCTCA-GATCAAGG	511	0.0001406757310564677	0.07220165597535819
CGGTAATC-TATGGCAC	309	8.506614656839242e-05	0.04366010116709526
TCGGATTC-CGATCGAT	254	6.9924923069164e-05	0.03588888574900387
TCGAGAGT-GTCCTAAG	362	9.965678012219435e-05	0.051148726933619694
GTCCTAAG-GTAGCGTA	385	0.00010598856449459898	0.05439850792663972
CTCTGGAT-TCGACAAG	570	0.0001569181344465491	0.0805380506965835
AACAGCGA-GATCTTGC	628	0.00017288524286391727	0.08873315059202531
AACAGCGA-ATCGTGGT	448	0.00012333214777553332	0.06330008195099895
GCTACTCT-TCGGATTC	148	4.074365596156012e-05	0.020911634215955013
GCTACTCT-GTCCTAAG	334	9.194852088622353e-05	0.047192471811682256
GTAGCGTA-TGTTCCGT	608	0.00016737934340965238	0.08590725407635572
AGGATAGC-GTCCTAAG	307	8.451555662296593e-05	0.0433775115155283
CTCTGGAT-GATCAAGG	819	0.00022546658265214687	0.11572046231666996
TCTTCGAC-AACAGCGA	1079	0.00029704327555759034	0.1524571170203747
TGTTCCGT-GTCCTAAG	462	0.00012718627739351877	0.06527820951196768
TGTTCCGT-ACGATCAG	568	0.00015636754450112263	0.08025546104501653
CTCTGGAT-GATCTTGC	646	0.00017784055237275565	0.09127645745612796
TCGAGAGT-ACGATCAG	655	0.00018031820712717487	0.09254811088817927
AGGATAGC-TCGACAAG	133	3.661423137086146e-05	0.018792211829202814
ATCGTGGT-CGGTAATC	175	4.817662022481771e-05	0.024726594512108967
GATCTTGC-GATCAAGG	184	5.0654274979236904e-05	0.025998247944160287
AACAGCGA-ATCATGCG	688	0.0001894029412267119	0.09721084013903411
AACAGCGA-GATCAAGG	344	9.470147061335596e-05	0.048605420069517055
ATCGTGGT-TGTTCCGT	473	0.00013021452209336444	0.06683245259558594
CGGTAATC-TCGGATTC	162	4.459778557954554e-05	0.022889761776923728
GATCTTGC-GTAGCGTA	170	4.680014536125149e-05	0.024020120383191568
CTCTGGAT-ACGATCAG	1401	0.000385688256771255	0.19795405092265522
GATCAAGG-GATCTTGC	266	7.322846274172292e-05	0.03758442365840563
AACAGCGA-GTCCTAAG	363	9.99320750949076e-05	0.05129002175940317
GTCCTAAG-ATCGTGGT	255	7.020021804187725e-05	0.03603018057478735
TAGCCATG-AGAGTCCA	466	0.00012828745728437173	0.06584338881510159
AGGATAGC-CGATCGAT	282	7.763318230513484e-05	0.039845140870941306
CTAGCTCA-TAGCCATG	977	0.00026896318834083944	0.1380450447904598
ACGATCAG-GATCAAGG	361	9.938148514948111e-05	0.05100743210783622
CGATCGAT-CACTTCAC	124	3.413657661644226e-05	0.017520558397151498
GATCTTGC-AGGATAGC	368	0.00010130854995847381	0.051996495888320574
ACGATCAG-CGGTAATC	203	5.588487946078855e-05	0.0286828496340464
GTCCTAAG-TCGAGAGT	381	0.00010488738460374599	0.05383332862350581
AGAGTCCA-GTCCTAAG	407	0.00011204505389429033	0.057506994093876274
GTCCTAAG-AGGATAGC	311	8.56167365138189e-05	0.04394269081866222
TCGAGAGT-CACTTCAC	159	4.377190066140581e-05	0.022465877299573292
TCTTCGAC-TAGCCATG	1719	0.0004732320580940666	0.2428858055218018
GATCAAGG-ATCGTGGT	448	0.00012333214777553332	0.06330008195099895
ATCATGCG-CGATCGAT	265	7.295316776900968e-05	0.03744312883262215
TCGACAAG-GTCCTAAG	233	6.414372864218587e-05	0.03292169440755079
TCGACAAG-CGATCGAT	105	2.8905972134890628e-05	0.014835956707265379
GCTACTCT-ATCATGCG	323	8.892027618637783e-05	0.04563822872806398
TCGAGAGT-TCGGATTC	383	0.00010543797454917248	0.05411591827507277
TGTTCCGT-GTAGCGTA	575	0.00015829460931011534	0.08124452482550089
TCGAGAGT-ATCATGCG	374	0.00010296031979475329	0.05284426484302145
GATCTTGC-TCGAGAGT	176	4.8451915197530953e-05	0.024867889337892444
GATCAAGG-CGGTAATC	122	3.3585986671015776e-05	0.017237968745584538
TAGCCATG-AGGATAGC	362	9.965678012219435e-05	0.051148726933619694
CGGTAATC-GTAGCGTA	148	4.074365596156012e-05	0.020911634215955013
TCGGATTC-TGTTCCGT	327	9.00214560772308e-05	0.0462034080311979
GATCTTGC-ACGATCAG	193	5.31319297336561e-05	0.027269901376211603
AGAGTCCA-ATCATGCG	478	0.00013159099695693067	0.06753892672450335
ATCGTGGT-CTAGCTCA	472	0.0001299392271206512	0.06669115776980247
ACGATCAG-GTAGCGTA	292	8.038613203226727e-05	0.041258089128776106
ATCGTGGT-TCGAGAGT	562	0.00015471577466484316	0.07940769209031566
TCGGATTC-GTCCTAAG	164	4.514837552497203e-05	0.023172351428490688
GATCAAGG-TCGACAAG	149	4.101895093427337e-05	0.021052929041738493
CGGTAATC-CTAGCTCA	509	0.00014012514111104123	0.07191906632379122
TAGCCATG-AACAGCGA	277	7.62567074415686e-05	0.0391386667420239
TCGAGAGT-GTAGCGTA	360	9.910619017676786e-05	0.05086613728205273
TAGCCATG-GCTACTCT	248	6.827315323288453e-05	0.035041116794302996
AACAGCGA-TGTTCCGT	653	0.0001797676171817484	0.09226552123661232
CGATCGAT-TCGAGAGT	329	9.05720460226573e-05	0.04648599768276486
GATCAAGG-CGATCGAT	211	5.80872392424945e-05	0.02981320824031424
CGGTAATC-ATCATGCG	203	5.588487946078855e-05	0.0286828496340464
CGGTAATC-AGAGTCCA	244	6.717197334203155e-05	0.034475937491169076
GTAGCGTA-AGAGTCCA	537	0.00014783340034701207	0.07587532144572866
CGATCGAT-AACAGCGA	171	4.707544033396473e-05	0.024161415208975048
TCGACAAG-TGTTCCGT	246	6.772256328745805e-05	0.034758527142736036
GTAGCGTA-GATCAAGG	258	7.102610296001697e-05	0.036454065052137795
CGATCGAT-TATGGCAC	219	6.028959902420045e-05	0.030943566846582077
GCTACTCT-GATCTTGC	181	4.9828390061097176e-05	0.025574363466809847
CGGTAATC-TCGACAAG	85	2.3400072680625745e-05	0.012010060191595784
TAGCCATG-ATCATGCG	453	0.00012470862263909955	0.06400655607991634
ATCGTGGT-TATGGCAC	288	7.928495214141429e-05	0.040692909825642186
ATCATGCG-AGGATAGC	582	0.00016022167411910805	0.08223358860598524
AGAGTCCA-TCGACAAG	153	4.212013082512634e-05	0.021618108344872412
CGATCGAT-GTCCTAAG	227	6.249195880590641e-05	0.032073925452849913
GTAGCGTA-TCGGATTC	162	4.459778557954554e-05	0.022889761776923728
CACTTCAC-AGGATAGC	223	6.139077891505344e-05	0.031508746149715994
GCTACTCT-TATGGCAC	335	9.222381585893677e-05	0.04733376663746574
ATCGTGGT-TAGCCATG	228	6.276725377861965e-05	0.0322152202786334
TGTTCCGT-CGGTAATC	283	7.790847727784806e-05	0.03998643569672478
TCGACAAG-AACAGCGA	100	2.7529497271324406e-05	0.01412948257834798
ACGATCAG-CGATCGAT	361	9.938148514948111e-05	0.05100743210783622
ATCATGCG-TCGGATTC	217	5.9739009078773966e-05	0.030660977195015114
CACTTCAC-CGATCGAT	174	4.7901325252104466e-05	0.024585299686325487
GTCCTAAG-CGATCGAT	251	6.909903815102426e-05	0.03546500127165343
AGAGTCCA-CGGTAATC	244	6.717197334203155e-05	0.034475937491169076
GTCCTAAG-CACTTCAC	134	3.68895263435747e-05	0.018933506654986297
TGTTCCGT-GATCTTGC	350	9.635324044963543e-05	0.049453189024217935
CTAGCTCA-GATCTTGC	422	0.000116174478484989	0.05962641648062848
GATCAAGG-AGAGTCCA	328	9.029675104994406e-05	0.046344702856981376
TGTTCCGT-AACAGCGA	791	0.00021775832341617605	0.11176420719473254
ATCGTGGT-AACAGCGA	195	5.3682519679082596e-05	0.027552491027778563
GTAGCGTA-ATCGTGGT	306	8.424026165025269e-05	0.043236216689744825
ATCGTGGT-ATCATGCG	314	8.644262143195864e-05	0.04436657529601266
CGGTAATC-GCTACTCT	147	4.046836098884688e-05	0.02077033939017153
TAGCCATG-CGATCGAT	183	5.037898000652367e-05	0.025856953118376803
GTAGCGTA-AACAGCGA	348	9.580265050420893e-05	0.049170599372650975
AACAGCGA-GCTACTCT	249	6.854844820559778e-05	0.03518241162008647
CGGTAATC-AACAGCGA	154	4.2395425797839583e-05	0.021759403170655892
TCGAGAGT-TCGACAAG	277	7.62567074415686e-05	0.0391386667420239
ATCGTGGT-TCGACAAG	112	3.083303694388333e-05	0.01582502048774974
GATCAAGG-AACAGCGA	215	5.918841913334748e-05	0.03037838754344816
TCGACAAG-CTCTGGAT	449	0.0001236074427482466	0.06344137677678244
ATCATGCG-GTAGCGTA	358	9.855560023134139e-05	0.05058354763048577
CGGTAATC-CGATCGAT	228	6.276725377861965e-05	0.0322152202786334
TCGGATTC-TATGGCAC	424	0.00011672506843041547	0.059909006132195436
CGGTAATC-GATCTTGC	163	4.487308055225879e-05	0.023031056602707208
GTAGCGTA-TATGGCAC	377	0.00010378620471289301	0.05326814932037189
GTAGCGTA-TCGACAAG	119	3.276010175287605e-05	0.016814084268234098
TCGACAAG-AGGATAGC	175	4.817662022481771e-05	0.024726594512108967
GTCCTAAG-GATCTTGC	224	6.166607388776666e-05	0.03165004097549948
TCGGATTC-AGAGTCCA	223	6.139077891505344e-05	0.031508746149715994
TAGCCATG-TCGGATTC	240	6.607079345117858e-05	0.03391075818803515
CACTTCAC-GATCTTGC	108	2.973185705303036e-05	0.015259841184615819
CGATCGAT-CGGTAATC	214	5.891312416063423e-05	0.03023709271766468
AACAGCGA-AGGATAGC	541	0.00014893458023786503	0.07644050074886258
GTCCTAAG-TCGACAAG	183	5.037898000652367e-05	0.025856953118376803
AACAGCGA-TCGGATTC	378	0.00010406149968560625	0.053409444146155366
ATCGTGGT-GTCCTAAG	178	4.900250514295745e-05	0.025150478989459407
GATCTTGC-TCGACAAG	48	1.3214158690235714e-05	0.006782151637607031
AGAGTCCA-GATCAAGG	270	7.43296426325759e-05	0.03814960296153955
ATCGTGGT-GATCTTGC	137	3.771541126171444e-05	0.019357391132336733
GTAGCGTA-CGGTAATC	149	4.101895093427337e-05	0.021052929041738493
ATCGTGGT-TCGGATTC	157	4.322131071597932e-05	0.02218328764800633
TCGACAAG-TATGGCAC	205	5.643546940621503e-05	0.028965439285613362
TCGAGAGT-CGGTAATC	253	6.964962809645076e-05	0.03574759092322039
AGAGTCCA-TAGCCATG	459	0.00012636039247537902	0.06485432503461723
AACAGCGA-GTAGCGTA	492	0.0001354451265749161	0.06951705428547207
TCGACAAG-GTAGCGTA	110	3.0282446998456847e-05	0.015542430836182779
TCGACAAG-GATCTTGC	70	1.9270648089927085e-05	0.009890637804843587
CGATCGAT-TCGACAAG	105	2.8905972134890628e-05	0.014835956707265379
GATCTTGC-ATCATGCG	252	6.93743331237375e-05	0.035606296097436915
ACGATCAG-TCGACAAG	334	9.194852088622353e-05	0.047192471811682256
TAGCCATG-GTCCTAAG	426	0.00011727565837584197	0.060191595783762396
GATCTTGC-GCTACTCT	132	3.6338936398148213e-05	0.018650917003419334
CTAGCTCA-TCGGATTC	431	0.0001186521332394082	0.0608980699126798
GTCCTAAG-CGGTAATC	158	4.3496605688692565e-05	0.02232458247378981
CGATCGAT-AGAGTCCA	278	7.653200241428186e-05	0.03927996156780739
AGGATAGC-CACTTCAC	359	9.883089520405462e-05	0.05072484245626925
ACGATCAG-GATCTTGC	193	5.31319297336561e-05	0.027269901376211603
CGGTAATC-CACTTCAC	203	5.588487946078855e-05	0.0286828496340464
GCTACTCT-CGATCGAT	214	5.891312416063423e-05	0.03023709271766468
ATCGTGGT-GCTACTCT	253	6.964962809645076e-05	0.03574759092322039
ACGATCAG-AGGATAGC	415	0.00011424741367599628	0.05863735270014413
GTAGCGTA-AGGATAGC	327	9.00214560772308e-05	0.0462034080311979
CGATCGAT-TAGCCATG	236	6.49696135603256e-05	0.033345578884901236
ACGATCAG-GCTACTCT	335	9.222381585893677e-05	0.04733376663746574
GCTACTCT-CGGTAATC	166	4.5698965470398516e-05	0.023454941080057648
GCTACTCT-ATCGTGGT	240	6.607079345117858e-05	0.03391075818803515
CACTTCAC-AACAGCGA	125	3.441187158915551e-05	0.017661853222934974
GATCTTGC-TGTTCCGT	203	5.588487946078855e-05	0.0286828496340464
GATCAAGG-TCGAGAGT	320	8.80943912682381e-05	0.04521434425071354
GATCAAGG-TATGGCAC	297	8.17626068958335e-05	0.0419645632576935
GATCTTGC-ATCGTGGT	109	3.0007152025743603e-05	0.0154011360103993
TAGCCATG-ATCGTGGT	239	6.579549847846534e-05	0.03376946336225167
TCGACAAG-GCTACTCT	105	2.8905972134890628e-05	0.014835956707265379
GATCAAGG-TCGGATTC	120	3.303539672558929e-05	0.016955379094017575
TCGGATTC-CTAGCTCA	407	0.00011204505389429033	0.057506994093876274
AGAGTCCA-GATCTTGC	206	5.671076437892828e-05	0.02910673411139684
GATCTTGC-GTCCTAAG	167	4.597426044311176e-05	0.023596235905841128
TCGACAAG-ATCGTGGT	98	2.6978907325897918e-05	0.013846892926781021
AGAGTCCA-CACTTCAC	197	5.423310962450908e-05	0.027835080679345526
GATCTTGC-TAGCCATG	136	3.7440116289001195e-05	0.019216096306553253
GATCTTGC-CACTTCAC	102	2.8080087216750893e-05	0.014412072229914941
TCGGATTC-ATCATGCG	173	4.762603027939122e-05	0.024444004860542004
TCGGATTC-GTAGCGTA	133	3.661423137086146e-05	0.018792211829202814
AACAGCGA-TCGACAAG	133	3.661423137086146e-05	0.018792211829202814
CGATCGAT-TCGGATTC	117	3.220951180744956e-05	0.016531494616667138
CACTTCAC-GTAGCGTA	131	3.606364142543497e-05	0.018509622177635854
CACTTCAC-GATCAAGG	122	3.3585986671015776e-05	0.017237968745584538
CACTTCAC-ATCGTGGT	103	2.835538218946414e-05	0.01455336705569842
GATCTTGC-TCGGATTC	85	2.3400072680625745e-05	0.012010060191595784
TCGACAAG-CGGTAATC	56	1.5416518471941665e-05	0.00791251024387487
GCTACTCT-CACTTCAC	96	2.6428317380471427e-05	0.013564303275214061
CACTTCAC-TCGACAAG	67	1.844476317178735e-05	0.009466753327493149
TCGACAAG-CACTTCAC	35	9.635324044963543e-06	0.004945318902421793
